F = [2 2 4
    3 3 6
    -5 -10 -6];
a1 = [-4,4,1]';
a2 = [-10,5,1]';
a3 = [3,-7,1]';
b1 = [2,3,1];
b2 = [2,-2,1]; 
b3 = [6,-1,1];
A1 = F*a1;
A2 = F*a2;
A3 = F*a3;
b1*A1
b2*A1
b3*A1
b1*A2
b2*A2
b3*A2
b1*A3
b2*A3
b3*A3
